1	0.83	
2	1.60	
3	2.37	
4	3.15	
5	3.92	
6	4.70	
7	5.47	
8	6.24	
9	7.02	
10	7.79	
11	8.56	
12	9.34	
13	10.11	
14	10.89	
15	11.66	
16	12.43	
17	13.21	
18	13.98	
19	14.75	
20	15.52	
21	16.30	
22	17.07	
23	17.84	
24	18.62	
25	19.39	
26	20.16	
27	20.93	
28	21.70	
29	22.47	
30	23.25	
31	24.02	
32	24.79	
33	25.56	
34	26.34	
35	27.11	
36	27.88	
37	28.65	
38	29.42	
39	30.19	
40	30.96	
41	31.73	
42	32.51	
43	33.28	
44	34.05	
45	34.82	
46	35.59	
47	36.37	
48	37.14	
49	37.91	
50	38.68	
51	39.45	
52	40.23	
53	41.01	
54	41.78	
55	42.54	
56	43.33	
57	44.09	
58	44.86	
59	45.62	
60	46.40	
61	47.18	
62	47.95	
63	48.71	
64	49.48	
65	49.48	
66	49.49	
67	49.51	
68	49.49	
69	49.50	
70	49.48	
71	49.50	
72	49.70	
73	49.49	
74	49.51	
75	49.48	
76	49.49	
77	49.51	
78	49.49	
79	49.49	
80	49.50	
81	49.49	
82	49.49	
83	49.49	
84	49.67	
85	49.50	
86	49.69	
87	49.52	
88	49.50	
89	44.09	
90	40.89	
91	45.67	
92	49.71	
93	43.63	
94	49.50	
95	49.49	
96	49.50	
97	49.50	
98	49.49	
99	49.57	
100	28.14	
101	49.54	
102	49.51	
103	49.51	
104	49.50	
105	44.15	
106	49.50	
107	49.70	
108	49.50	
109	49.53	
110	46.47	
111	35.88	
112	49.51	
113	22.30	
114	49.63	
115	47.34	
116	43.45	
117	49.51	
118	43.87	
119	35.14	
120	49.60	
121	49.69	
122	38.88	
123	32.01	
124	46.44	
125	29.48	
126	13.32	
127	7.80	
128	49.52	
129	4.42	
130	13.34	
131	35.91	
132	49.52	
133	39.62	
134	13.81	
135	49.52	
136	12.95	
137	38.83	
138	26.59	
139	49.54	
140	13.22	
141	22.61	
142	49.51	
143	34.35	
144	12.99	
145	4.29	
146	14.34	
147	23.07	
148	34.47	
149	19.37	
150	13.10	
151	2.83	
152	18.77	
153	40.38	
154	49.52	
155	27.39	
156	13.80	
157	49.80	
158	31.44	
159	23.21	
160	49.52	
161	7.50	
162	49.52	
163	11.29	
164	28.20	
165	25.52	
166	26.78	
167	49.52	
168	12.86	
169	28.86	
170	49.54	
171	33.40	
172	3.58	
173	24.30	
174	48.01	
175	49.55	
176	49.54	
177	40.51	
178	38.90	
179	17.32	
180	14.50	
181	11.23	
182	13.52	
183	18.15	
184	25.07	
185	38.27	
186	44.92	
187	49.55	
188	49.54	
189	36.51	
190	11.17	
191	18.04	
192	49.55	
193	49.55	
194	27.97	
195	49.79	
196	49.54	
197	49.55	
198	1.95	
199	49.76	
200	49.54	
201	8.11	
202	49.56	
203	25.71	
204	40.42	
205	49.75	
206	21.85	
207	49.72	
208	12.63	
209	43.52	
210	13.55	
211	49.57	
212	21.83	
213	49.55	
214	40.54	
215	30.25	
216	49.53	
217	1.84	
218	46.97	
219	42.68	
220	18.86	
221	49.56	
222	35.68	
223	20.31	
224	49.54	
225	47.59	
226	3.49	
227	50.06	
228	49.75	
229	32.66	
230	11.04	
231	49.57	
232	49.53	
233	48.78	
234	13.72	
235	22.68	
236	49.57	
237	31.58	
238	49.56	
239	38.93	
240	12.63	
241	49.77	
242	35.81	
243	49.77	
244	40.51	
245	19.67	
246	49.55	
247	49.60	
248	49.56	
249	37.99	
250	28.03	
251	19.45	
252	12.47	
253	7.09	
254	3.20	
255	0.85	
256	49.80	
257	0.84	
258	3.17	
259	7.07	
260	12.48	
261	19.57	
262	28.04	
263	38.19	
264	49.57	
265	49.62	
266	49.57	
267	19.78	
268	31.25	
269	49.57	
270	49.57	
271	35.68	
272	12.48	
273	49.57	
274	38.76	
275	49.60	
276	25.76	
277	39.66	
278	49.57	
279	22.55	
280	12.48	
281	48.83	
282	44.97	
283	35.18	
284	49.59	
285	10.94	
286	32.69	
287	49.59	
288	25.42	
289	50.11	
290	3.17	
291	47.27	
292	27.97	
293	49.59	
294	21.10	
295	35.68	
296	43.50	
297	49.60	
298	18.69	
299	42.65	
300	28.39	
301	49.79	
302	1.62	
303	40.48	
304	38.01	
305	30.37	
306	40.35	
307	13.64	
308	49.62	
309	21.79	
310	45.22	
311	49.59	
312	12.49	
313	49.59	
314	49.61	
315	45.76	
316	43.47	
317	49.81	
318	21.78	
319	29.22	
320	49.59	
321	40.48	
322	17.58	
323	25.66	
324	49.59	
325	49.59	
326	7.84	
327	42.70	
328	50.69	
329	50.83	
330	48.08	
331	1.62	
332	49.61	
333	49.61	
334	49.60	
335	49.59	
336	12.49	
337	20.53	
338	28.05	
339	28.79	
340	49.61	
341	49.60	
342	49.93	
343	17.95	
344	6.69	
345	10.94	
346	48.10	
347	36.48	
348	34.64	
349	49.61	
350	49.75	
351	41.14	
352	49.81	
353	31.87	
354	35.77	
355	49.62	
356	25.88	
357	41.18	
358	17.15	
359	29.03	
360	12.49	
361	24.70	
362	10.94	
363	22.88	
364	12.49	
365	30.66	
366	17.15	
367	41.20	
368	24.91	
369	48.15	
370	35.73	
371	18.15	
372	40.57	
373	28.78	
374	49.62	
375	49.63	
376	49.64	
377	48.08	
378	37.77	
379	24.14	
380	25.27	
381	3.17	
382	35.78	
383	33.41	
384	49.86	
385	49.63	
386	49.63	
387	11.27	
388	28.00	
389	16.59	
390	14.19	
391	49.65	
392	49.66	
393	49.62	
394	4.03	
395	26.46	
396	3.48	
397	24.14	
398	5.19	
399	49.90	
400	49.65	
401	44.27	
402	7.84	
403	43.72	
404	50.02	
405	49.66	
406	49.63	
407	7.07	
408	37.39	
409	19.85	
410	49.62	
411	30.73	
412	21.83	
413	17.46	
414	37.79	
415	26.53	
416	25.16	
417	49.64	
418	45.09	
419	49.64	
420	12.53	
421	1.88	
422	38.94	
423	22.61	
424	43.49	
425	49.68	
426	49.65	
427	13.90	
428	40.37	
429	49.82	
430	49.66	
431	20.19	
432	37.48	
433	21.17	
434	1.62	
435	12.53	
436	28.60	
437	10.96	
438	42.20	
439	47.41	
440	18.76	
441	49.74	
442	49.66	
443	21.92	
444	49.67	
445	49.67	
446	20.32	
447	49.64	
448	49.69	
449	14.06	
450	32.98	
451	23.25	
452	3.18	
453	6.50	
454	49.65	
455	49.65	
456	49.66	
457	49.67	
458	32.68	
459	49.92	
460	22.80	
461	49.97	
462	49.90	
463	33.59	
464	49.67	
465	22.67	
466	38.96	
467	1.15	
468	12.52	
469	49.86	
470	45.23	
471	49.66	
472	49.66	
473	39.78	
474	29.13	
475	10.98	
476	17.60	
477	49.88	
478	38.86	
479	50.07	
480	25.17	
481	26.03	
482	14.55	
483	21.36	
484	50.14	
485	47.38	
486	49.66	
487	49.71	
488	43.59	
489	7.86	
490	20.67	
491	19.53	
492	49.68	
493	25.73	
494	3.72	
495	49.87	
496	49.69	
497	49.68	
498	49.67	
499	2.30	
500	28.05	
501	49.67	
502	38.89	
503	49.92	
504	12.52	
505	48.20	
506	14.26	
507	42.22	
508	3.18	
509	23.07	
510	1.65	
511	8.88	
512	49.69	
513	3.90	
514	1.63	
515	15.12	
516	3.18	
517	36.08	
518	14.16	
519	39.30	
520	12.53	
521	49.91	
522	38.95	
523	32.07	
524	28.10	
525	49.69	
526	49.68	
527	30.75	
528	49.94	
529	46.63	
530	17.68	
531	41.52	
532	37.90	
533	17.98	
534	38.88	
535	2.43	
536	31.78	
537	17.22	
538	49.91	
539	48.92	
540	37.72	
541	46.06	
542	35.80	
543	35.86	
544	24.98	
545	2.59	
546	15.03	
547	24.96	
548	49.71	
549	49.96	
550	49.89	
551	25.75	
552	43.59	
553	8.69	
554	48.18	
555	35.80	
556	49.76	
557	10.54	
558	45.10	
559	49.83	
560	12.53	
561	48.21	
562	49.84	
563	46.77	
564	49.68	
565	3.19	
566	49.89	
567	49.72	
568	49.70	
569	29.29	
570	10.98	
571	42.95	
572	50.06	
573	49.96	
574	49.71	
575	10.97	
576	49.72	
577	43.80	
578	41.08	
579	32.26	
580	3.19	
581	21.19	
582	49.62	
583	49.74	
584	49.92	
585	44.43	
586	49.55	
587	31.28	
588	40.49	
589	31.49	
590	35.81	
591	49.70	
592	49.71	
593	14.92	
594	5.14	
595	49.94	
596	18.78	
597	47.54	
598	38.04	
599	49.70	
600	43.71	
601	21.11	
602	49.82	
603	23.55	
604	3.21	
605	13.59	
606	50.41	
607	15.67	
608	50.06	
609	42.64	
610	49.72	
611	24.80	
612	40.46	
613	43.08	
614	26.56	
615	49.71	
616	49.91	
617	41.64	
618	21.92	
619	49.97	
620	49.73	
621	32.07	
622	43.62	
623	16.61	
624	12.55	
625	49.70	
626	34.50	
627	22.73	
628	35.93	
629	24.06	
630	15.25	
631	49.74	
632	43.55	
633	32.05	
634	49.73	
635	20.89	
636	21.91	
637	49.73	
638	49.94	
639	49.73	
640	49.90	
641	23.88	
642	40.88	
643	39.00	
644	33.36	
645	26.53	
646	49.97	
647	23.27	
648	49.74	
649	10.23	
650	49.73	
651	5.12	
652	15.68	
653	45.84	
654	40.60	
655	28.13	
656	49.75	
657	1.10	
658	6.11	
659	49.73	
660	49.97	
661	49.73	
662	1.63	
663	49.83	
664	49.75	
665	49.73	
666	9.17	
667	10.54	
668	49.73	
669	20.36	
670	40.99	
671	4.19	
672	25.03	
673	49.74	
674	39.19	
675	47.64	
676	28.13	
677	12.33	
678	9.55	
679	19.69	
680	49.75	
681	32.19	
682	32.93	
683	49.73	
684	34.29	
685	10.24	
686	35.84	
687	20.88	
688	13.06	
689	49.75	
690	11.01	
691	44.02	
692	49.80	
693	49.96	
694	49.76	
695	49.75	
696	49.73	
697	14.15	
698	49.75	
699	19.54	
700	50.10	
701	11.80	
702	38.05	
703	49.75	
704	51.34	
705	22.75	
706	20.75	
707	48.21	
708	43.96	
709	44.19	
710	48.21	
711	49.94	
712	25.04	
713	46.70	
714	49.94	
715	13.45	
716	34.32	
717	9.23	
718	49.76	
719	49.76	
720	12.59	
721	49.78	
722	49.74	
723	49.75	
724	21.93	
725	17.29	
726	45.14	
727	42.48	
728	12.58	
729	50.01	
730	46.83	
731	24.26	
732	34.31	
733	33.80	
734	49.88	
735	10.48	
736	25.04	
737	44.35	
738	8.99	
739	26.72	
740	49.99	
741	49.76	
742	17.30	
743	25.75	
744	49.80	
745	21.25	
746	49.77	
747	43.57	
748	43.78	
749	2.42	
750	49.89	
751	35.15	
752	50.11	
753	19.60	
754	48.23	
755	8.67	
756	37.56	
757	48.30	
758	48.22	
759	21.17	
760	43.63	
761	48.30	
762	3.20	
763	47.46	
764	49.77	
765	2.44	
766	49.86	
767	49.74	
768	49.77	
769	49.74	
770	49.80	
771	0.84	
772	50.03	
773	49.76	
774	9.53	
775	38.22	
776	49.79	
777	21.24	
778	32.85	
779	49.77	
780	12.59	
781	50.03	
782	18.89	
783	49.78	
784	25.55	
785	18.09	
786	49.77	
787	49.78	
788	6.00	
789	38.19	
790	26.60	
791	48.31	
792	6.65	
793	43.93	
794	48.25	
795	46.06	
796	3.22	
797	49.77	
798	49.71	
799	14.16	
800	49.78	
801	49.77	
802	27.30	
803	43.97	
804	15.72	
805	36.87	
806	43.62	
807	30.93	
808	49.77	
809	5.55	
810	49.78	
811	29.73	
812	32.04	
813	33.89	
814	14.20	
815	40.67	
816	37.56	
817	39.41	
818	38.98	
819	49.77	
820	40.64	
821	48.62	
822	50.48	
823	33.69	
824	43.61	
825	41.66	
826	15.74	
827	12.47	
828	32.53	
829	35.18	
830	26.61	
831	32.75	
832	49.79	
833	15.72	
834	46.88	
835	18.07	
836	26.80	
837	50.05	
838	17.57	
839	49.78	
840	12.61	
841	48.24	
842	3.45	
843	22.78	
844	34.39	
845	49.78	
846	45.40	
847	49.74	
848	49.77	
849	31.47	
850	49.85	
851	7.11	
852	49.79	
853	14.34	
854	28.39	
855	32.88	
856	50.06	
857	38.21	
858	49.79	
859	39.67	
860	18.05	
861	49.80	
862	18.89	
863	40.55	
864	49.96	
865	38.30	
866	20.46	
867	36.16	
868	3.21	
869	49.81	
870	9.49	
871	21.41	
872	44.20	
873	47.51	
874	11.05	
875	49.79	
876	44.50	
877	50.01	
878	45.17	
879	49.79	
880	37.45	
881	40.78	
882	49.96	
883	50.02	
884	44.27	
885	35.93	
886	21.98	
887	49.83	
888	6.92	
889	38.22	
890	49.79	
891	49.80	
892	40.90	
893	40.73	
894	49.81	
895	50.01	
896	49.81	
897	42.86	
898	14.18	
899	50.04	
900	49.81	
901	36.70	
902	22.01	
903	24.12	
904	6.35	
905	49.79	
906	4.80	
907	17.50	
908	49.80	
909	49.78	
910	15.99	
911	44.01	
912	13.82	
913	49.80	
914	49.80	
915	38.26	
916	49.80	
917	45.96	
918	35.99	
919	45.18	
920	43.76	
921	39.99	
922	49.91	
923	2.42	
924	49.85	
925	34.03	
926	49.85	
927	50.22	
928	49.82	
929	40.55	
930	45.19	
931	49.81	
932	34.41	
933	22.94	
934	2.33	
935	49.82	
936	12.62	
937	42.28	
938	49.81	
939	25.25	
940	27.14	
941	47.54	
942	6.01	
943	4.01	
944	26.41	
945	34.07	
946	41.20	
947	14.41	
948	40.57	
949	42.86	
950	11.07	
951	49.82	
952	32.24	
953	49.82	
954	50.07	
955	28.99	
956	49.84	
957	28.99	
958	34.76	
959	10.26	
960	49.85	
961	16.81	
962	26.79	
963	40.56	
964	12.64	
965	49.82	
966	42.27	
967	49.82	
968	49.83	
969	46.27	
970	45.19	
971	10.27	
972	27.39	
973	48.29	
974	3.49	
975	39.79	
976	25.54	
977	50.12	
978	7.91	
979	44.63	
980	29.19	
981	20.77	
982	39.20	
983	10.71	
984	6.72	
985	49.84	
986	49.83	
987	5.04	
988	3.22	
989	45.97	
990	8.36	
991	38.80	
992	50.18	
993	1.64	
994	49.86	
995	44.94	
996	3.34	
997	50.39	
998	1.64	
999	10.85	
1000	49.84	
1001	46.23	
1002	20.76	
1003	15.81	
1004	49.83	
1005	39.32	
1006	17.00	
1007	49.85	
1008	12.63	
1009	38.27	
1010	24.45	
1011	49.12	
1012	28.39	
1013	49.85	
1014	43.14	
1015	25.65	
1016	6.36	
1017	29.91	
1018	27.99	
1019	46.20	
1020	3.29	
1021	47.56	
1022	9.44	
1023	49.08	
1024	49.85	
